Optimal :
(31., 9., 1., 0.290322580645) (31., 9., 1., 0.290322580645) (23., 4., 1., 0.173913043478) 
Approx :
(23., 4., 1., 0.173913043478) (31., 9., 1., 0.290322580645) (31., 9., 1., 0.290322580645) 

0.0208333333333  ::: 0.148683092608 pourcent de différence
En pourcentage : 0.00148683092608

